15
9830 5588 964 8396 3588 764 7382 5485 6307 398 4893 5090 7035 323
2274 698 7072 7480 9584 6095 8712 7533 2041 9142 9432 7641 738 8492
8606 11 4092 19 5599 6637 9996 769 7400 7379 7835 3707 9358 2728
379 6393 4632 4235 8673 1704 3297 8257 9381 2009 7373 1422 1152 6805
645 3471 5297 833 3481 9388 852 9079 7608 2430 1430 5008 1391 9264
298 2332 3574 676 8724 8206 6492 8979 1492 9789 8819 2455 1798 6192
3876 4531 4579 4521 8001 9875 5353 1483 846 7786 2144 8453 1799 3574
5044 3189 4420 6923 5520 7994 9180 5827 7782 5673 6388 856 5462 6789
3311 8841 4563 8768 3373 9141 4871 1374 599 1807 4438 1445 9592 6582
1480 2973 1738 8105 7744 7739 5028 4846 7315 4209 2255 5097 1464 8643
7535 6925 7014 846 7348 1578 9613 721 719 4485 3677 1318 7873 9696
4344 9047 7860 7405 2021 9597 5511 9764 8919 2121 4610 6234 6329 8447
1332 9374 7090 449 7881 4104 1294 5230 7263 2489 5950 7982 8555 1209
882 6428 906 6807 5476 8765 4212 7496 9945 9722 8842 8864 3426 5034
